0 1
1 3559
2 220
3 314
4 3174
5 22368
6 426
7 688
8 7697
9 26408
10 432
11 619
12 5031
13 26103
14 411
15 599
16 3731
17 19948
18 502
19 691
20 4220
21 24082
22 480
23 621
24 4019
25 24730
26 379
27 503
28 2933
29 18517
30 309
31 393
32 2105
33 13575
34 191
35 289
36 1611
37 8998
38 177
39 188
40 1143
41 6433
42 129
43 141
44 853
45 4471
46 88
47 120
48 679
49 3502
50 74
51 128
52 578
53 2738
54 69
55 111
56 455
57 2172
58 52
59 84
60 327
61 1693
62 61
63 58
64 281
65 1305
66 36
67 45
68 213
69 1083
70 42
71 45
72 205
73 899
74 35
75 44
76 157
77 730
78 26
79 46
80 151
81 662
82 31
83 35
84 137
85 539
86 24
87 27
88 85
89 506
90 24
91 24
92 77
93 439
94 16
95 23
96 80
97 374
98 17
99 25
100 67
101 346
102 21
103 19
104 69
105 307
106 14
107 23
108 59
109 298
110 17
111 9
112 59
113 241
114 15
115 22
116 36
117 223
118 12
119 10
120 40
121 215
122 11
123 10
124 38
125 185
126 8
127 10
128 30
129 139
130 6
131 15
132 25
133 140
134 7
135 11
136 33
137 131
138 6
139 7
140 24
141 131
142 6
143 8
144 19
145 136
146 11
147 13
148 25
149 106
150 5
151 4
152 24
153 77
154 7
155 5
156 22
157 74
158 10
159 4
160 21
161 87
162 3
163 14
164 14
165 79
166 4
167 11
168 9
169 63
170 2
171 7
172 9
173 64
174 5
175 6
176 8
177 59
178 6
179 7
180 7
181 42
182 7
183 7
184 13
185 54
186 2
187 3
188 8
189 48
190 7
191 2
192 6
193 29
194 3
195 2
196 10
197 40
198 3
199 4
200 11
201 31
202 5
203 2
204 6
205 25
206 1
207 5
208 6
209 28
210 3
211 4
212 7
213 28
214 4
215 2
216 7
217 21
218 3
219 2
220 6
221 29
222 2
223 1
224 5
225 25
226 3
227 2
228 11
229 22
230 3
231 1
232 3
233 15
234 1
235 5
236 2
237 14
238 1
239 2
240 2
241 24
243 2
244 3
245 24
248 3
249 16
251 1
252 2
253 10
254 2
255 1
256 3
257 17
258 2
259 3
260 1
261 11
262 3
263 3
264 6
265 13
268 4
269 8
270 1
271 2
272 4
273 8
275 1
276 1
277 14
279 1
280 2
281 7
282 2
283 2
284 3
285 11
286 1
287 2
288 2
289 5
290 3
291 3
292 4
293 7
295 1
296 1
297 3
298 1
299 1
300 1
301 6
302 1
303 1
305 8
306 1
308 1
309 6
311 1
312 1
313 7
314 1
317 8
321 7
323 1
325 4
326 2
329 1
333 5
334 2
336 3
337 4
341 2
343 1
344 3
345 3
346 2
347 2
349 3
350 1
351 1
352 1
353 1
358 1
359 1
360 1
361 1
364 1
365 1
369 3
373 1
375 1
376 1
377 1
381 2
384 1
385 2
393 2
394 1
395 1
397 1
405 2
408 1
413 2
415 1
416 1
417 2
421 1
425 2
441 1
445 2
449 1
464 1
473 1
493 1
495 1
501 1
506 1
507 1
582 1
596 1
603 1
1021 1
